f = [0.000000 0.200000 0.400000 0.600000 0.800000 1.000000 1.200000 1.400000 1.600000 1.800000 2.000000 2.200000 2.400000 2.600000 2.800000 3.000000 3.200000 3.400000 3.600000 3.800000 4.000000 4.200000 4.400000 4.600000 4.800000 5.000000 5.200000 5.400000 5.600000 5.800000 6.000000 6.200000 6.400000 6.600000 6.800000 7.000000 7.200000 7.400000 7.600000 7.800000 8.000000 8.200000 8.400000 8.600000 8.800000 9.000000 9.200000 9.400000 9.600000 9.800000 10.000000 10.200000 10.400000 10.600000 10.800000 11.000000 11.200000 11.400000 11.600000 11.800000 12.000000 12.200000 12.400000 12.600000 12.800000 13.000000 13.200000 13.400000 13.600000 13.800000 14.000000 14.200000 14.400000 14.600000 14.800000 15.000000 15.200000 15.400000 15.600000 15.800000 16.000000 16.200000 16.400000 16.600000 16.800000 17.000000 17.200000 17.400000 17.600000 17.800000 18.000000 18.200000 18.400000 18.600000 18.800000 19.000000 19.200000 19.400000 19.600000 19.800000 20.000000 20.200000 20.400000 20.600000 20.800000 21.000000 21.200000 21.400000 21.600000 21.800000 22.000000 22.200000 22.400000 22.600000 22.800000 23.000000 23.200000 23.400000 23.600000 23.800000 24.000000 24.200000 24.400000 24.600000 24.800000 25.000000 25.200000 25.400000 25.600000 25.800000 26.000000 26.200000 26.400000 26.600000 26.800000 27.000000 27.200000 27.400000 27.600000 27.800000 28.000000 28.200000 28.400000 28.600000 28.800000 29.000000 29.200000 29.400000 29.600000 29.800000 30.000000 30.200000 30.400000 30.600000 30.800000 31.000000 31.200000 31.400000 31.600000 31.800000 32.000000 32.200000 32.400000 32.600000 32.800000 33.000000 33.200000 33.400000 33.600000 33.800000 34.000000 34.200000 34.400000 34.600000 34.800000 35.000000 35.200000 35.400000 35.600000 35.800000 36.000000 36.200000 36.400000 36.600000 36.800000 37.000000 37.200000 37.400000 37.600000 37.800000 38.000000 38.200000 38.400000 38.600000 38.800000 39.000000 39.200000 39.400000 39.600000 39.800000 40.000000 40.200000 40.400000 40.600000 40.800000 41.000000 41.200000 41.400000 41.600000 41.800000 42.000000 42.200000 42.400000 42.600000 42.800000 43.000000 43.200000 43.400000 43.600000 43.800000 44.000000 44.200000 44.400000 44.600000 44.800000 45.000000 45.200000 45.400000 45.600000 45.800000 46.000000 46.200000 46.400000 46.600000 46.800000 47.000000 47.200000 47.400000 47.600000 47.800000 48.000000 48.200000 48.400000 48.600000 48.800000 49.000000 49.200000 49.400000 49.600000 49.800000 50.000000 50.200000 50.400000 50.600000 50.800000 51.000000 51.200000 51.400000 51.600000 51.800000 52.000000 52.200000 52.400000 52.600000 52.800000 53.000000 53.200000 53.400000 53.600000 53.800000 54.000000 54.200000 54.400000 54.600000 54.800000 55.000000 55.200000 55.400000 55.600000 55.800000 56.000000 56.200000 56.400000 56.600000 56.800000 57.000000 57.200000 57.400000 57.600000 57.800000 58.000000 58.200000 58.400000 58.600000 58.800000 59.000000 59.200000 59.400000 59.600000 59.800000 60.000000 60.200000 60.400000 60.600000 60.800000 61.000000 61.200000 61.400000 61.600000 61.800000 62.000000 62.200000 62.400000 62.600000 62.800000 63.000000 63.200000 63.400000 63.600000 63.800000 64.000000 64.200000 64.400000 64.600000 64.800000 65.000000 65.200000 65.400000 65.600000 65.800000 66.000000 66.200000 66.400000 66.600000 66.800000 67.000000 67.200000 67.400000 67.600000 67.800000 68.000000 68.200000 68.400000 68.600000 68.800000 69.000000 69.200000 69.400000 69.600000 69.800000 70.000000 70.200000 70.400000 70.600000 70.800000 71.000000 71.200000 71.400000 71.600000 71.800000 72.000000 72.200000 72.400000 72.600000 72.800000 73.000000 73.200000 73.400000 73.600000 73.800000 74.000000 74.200000 74.400000 74.600000 74.800000 75.000000 75.200000 75.400000 75.600000 75.800000 76.000000 76.200000 76.400000 76.600000 76.800000 77.000000 77.200000 77.400000 77.600000 77.800000 78.000000 78.200000 78.400000 78.600000 78.800000 79.000000 79.200000 79.400000 79.600000 79.800000 80.000000 80.200000 80.400000 80.600000 80.800000 81.000000 81.200000 81.400000 81.600000 81.800000 82.000000 82.200000 82.400000 82.600000 82.800000 83.000000 83.200000 83.400000 83.600000 83.800000 84.000000 84.200000 84.400000 84.600000 84.800000 85.000000 85.200000 85.400000 85.600000 85.800000 86.000000 86.200000 86.400000 86.600000 86.800000 87.000000 87.200000 87.400000 87.600000 87.800000 88.000000 88.200000 88.400000 88.600000 88.800000 89.000000 89.200000 89.400000 89.600000 89.800000 90.000000 90.200000 90.400000 90.600000 90.800000 91.000000 91.200000 91.400000 91.600000 91.800000 92.000000 92.200000 92.400000 92.600000 92.800000 93.000000 93.200000 93.400000 93.600000 93.800000 94.000000 94.200000 94.400000 94.600000 94.800000 95.000000 95.200000 95.400000 95.600000 95.800000 96.000000 96.200000 96.400000 96.600000 96.800000 97.000000 97.200000 97.400000 97.600000 97.800000 98.000000 98.200000 98.400000 98.600000 98.800000 99.000000 99.200000 99.400000 99.600000 99.800000 100.000000 100.200000 100.400000 100.600000 100.800000 101.000000 101.200000 101.400000 101.600000 101.800000 102.000000 102.200000 102.400000 102.600000 102.800000 103.000000 103.200000 103.400000 103.600000 103.800000 104.000000 104.200000 104.400000 104.600000 104.800000 105.000000 105.200000 105.400000 105.600000 105.800000 106.000000 106.200000 106.400000 106.600000 106.800000 107.000000 107.200000 107.400000 107.600000 107.800000 108.000000 108.200000 108.400000 108.600000 108.800000 109.000000 109.200000 109.400000 109.600000 109.800000 110.000000 110.200000 110.400000 110.600000 110.800000 111.000000 111.200000 111.400000 111.600000 111.800000 112.000000 112.200000 112.400000 112.600000 112.800000 113.000000 113.200000 113.400000 113.600000 113.800000 114.000000 114.200000 114.400000 114.600000 114.800000 115.000000 115.200000 115.400000 115.600000 115.800000 116.000000 116.200000 116.400000 116.600000 116.800000 117.000000 117.200000 117.400000 117.600000 117.800000 118.000000 118.200000 118.400000 118.600000 118.800000 119.000000 119.200000 119.400000 119.600000 119.800000 120.000000 120.200000 120.400000 120.600000 120.800000 121.000000 121.200000 121.400000 121.600000 121.800000 122.000000 122.200000 122.400000 122.600000 122.800000 123.000000 123.200000 123.400000 123.600000 123.800000 124.000000 124.200000 124.400000 124.600000 124.800000 125.000000 125.200000 125.400000 125.600000 125.800000 126.000000 126.200000 126.400000 126.600000 126.800000 127.000000 127.200000 127.400000 127.600000 127.800000 128.000000 128.200000 128.400000 128.600000 128.800000 129.000000 129.200000 129.400000 129.600000 129.800000 130.000000 130.200000 130.400000 130.600000 130.800000 131.000000 131.200000 131.400000 131.600000 131.800000 132.000000 132.200000 132.400000 132.600000 132.800000 133.000000 133.200000 133.400000 133.600000 133.800000 134.000000 134.200000 134.400000 134.600000 134.800000 135.000000 135.200000 135.400000 135.600000 135.800000 136.000000 136.200000 136.400000 136.600000 136.800000 137.000000 137.200000 137.400000 137.600000 137.800000 138.000000 138.200000 138.400000 138.600000 138.800000 139.000000 139.200000 139.400000 139.600000 139.800000 140.000000 140.200000 140.400000 140.600000 140.800000 141.000000 141.200000 141.400000 141.600000 141.800000 142.000000 142.200000 142.400000 142.600000 142.800000 143.000000 143.200000 143.400000 143.600000 143.800000 144.000000 144.200000 144.400000 144.600000 144.800000 145.000000 145.200000 145.400000 145.600000 145.800000 146.000000 146.200000 146.400000 146.600000 146.800000 147.000000 147.200000 147.400000 147.600000 147.800000 148.000000 148.200000 148.400000 148.600000 148.800000 149.000000 149.200000 149.400000 149.600000 149.800000 150.000000 150.200000 150.400000 150.600000 150.800000 151.000000 151.200000 151.400000 151.600000 151.800000 152.000000 152.200000 152.400000 152.600000 152.800000 153.000000 153.200000 153.400000 153.600000 153.800000 154.000000 154.200000 154.400000 154.600000 154.800000 155.000000 