t = [0.000000 10.025063 20.050125 30.075188 40.100251 50.125313 60.150376 70.175439 80.200501 90.225564 100.250627 110.275689 120.300752 130.325815 140.350877 150.375940 160.401003 170.426065 180.451128 190.476190 200.501253 210.526316 220.551378 230.576441 240.601504 250.626566 260.651629 270.676692 280.701754 290.726817 300.751880 310.776942 320.802005 330.827068 340.852130 350.877193 360.902256 370.927318 380.952381 390.977444 401.002506 411.027569 421.052632 431.077694 441.102757 451.127820 461.152882 471.177945 481.203008 491.228070 501.253133 511.278195 521.303258 531.328321 541.353383 551.378446 561.403509 571.428571 581.453634 591.478697 601.503759 611.528822 621.553885 631.578947 641.604010 651.629073 661.654135 671.679198 681.704261 691.729323 701.754386 711.779449 721.804511 731.829574 741.854637 751.879699 761.904762 771.929825 781.954887 791.979950 802.005013 812.030075 822.055138 832.080201 842.105263 852.130326 862.155388 872.180451 882.205514 892.230576 902.255639 912.280702 922.305764 932.330827 942.355890 952.380952 962.406015 972.431078 982.456140 992.481203 1002.506266 1012.531328 1022.556391 1032.581454 1042.606516 1052.631579 1062.656642 1072.681704 1082.706767 1092.731830 1102.756892 1112.781955 1122.807018 1132.832080 1142.857143 1152.882206 1162.907268 1172.932331 1182.957393 1192.982456 1203.007519 1213.032581 1223.057644 1233.082707 1243.107769 1253.132832 1263.157895 1273.182957 1283.208020 1293.233083 1303.258145 1313.283208 1323.308271 1333.333333 1343.358396 1353.383459 1363.408521 1373.433584 1383.458647 1393.483709 1403.508772 1413.533835 1423.558897 1433.583960 1443.609023 1453.634085 1463.659148 1473.684211 1483.709273 1493.734336 1503.759398 1513.784461 1523.809524 1533.834586 1543.859649 1553.884712 1563.909774 1573.934837 1583.959900 1593.984962 1604.010025 1614.035088 1624.060150 1634.085213 1644.110276 1654.135338 1664.160401 1674.185464 1684.210526 1694.235589 1704.260652 1714.285714 1724.310777 1734.335840 1744.360902 1754.385965 1764.411028 1774.436090 1784.461153 1794.486216 1804.511278 1814.536341 1824.561404 1834.586466 1844.611529 1854.636591 1864.661654 1874.686717 1884.711779 1894.736842 1904.761905 1914.786967 1924.812030 1934.837093 1944.862155 1954.887218 1964.912281 1974.937343 1984.962406 1994.987469 2005.012531 2015.037594 2025.062657 2035.087719 2045.112782 2055.137845 2065.162907 2075.187970 2085.213033 2095.238095 2105.263158 2115.288221 2125.313283 2135.338346 2145.363409 2155.388471 2165.413534 2175.438596 2185.463659 2195.488722 2205.513784 2215.538847 2225.563910 2235.588972 2245.614035 2255.639098 2265.664160 2275.689223 2285.714286 2295.739348 2305.764411 2315.789474 2325.814536 2335.839599 2345.864662 2355.889724 2365.914787 2375.939850 2385.964912 2395.989975 2406.015038 2416.040100 2426.065163 2436.090226 2446.115288 2456.140351 2466.165414 2476.190476 2486.215539 2496.240602 2506.265664 2516.290727 2526.315789 2536.340852 2546.365915 2556.390977 2566.416040 2576.441103 2586.466165 2596.491228 2606.516291 2616.541353 2626.566416 2636.591479 2646.616541 2656.641604 2666.666667 2676.691729 2686.716792 2696.741855 2706.766917 2716.791980 2726.817043 2736.842105 2746.867168 2756.892231 2766.917293 2776.942356 2786.967419 2796.992481 2807.017544 2817.042607 2827.067669 2837.092732 2847.117794 2857.142857 2867.167920 2877.192982 2887.218045 2897.243108 2907.268170 2917.293233 2927.318296 2937.343358 2947.368421 2957.393484 2967.418546 2977.443609 2987.468672 2997.493734 3007.518797 3017.543860 3027.568922 3037.593985 3047.619048 3057.644110 3067.669173 3077.694236 3087.719298 3097.744361 3107.769424 3117.794486 3127.819549 3137.844612 3147.869674 3157.894737 3167.919799 3177.944862 3187.969925 3197.994987 3208.020050 3218.045113 3228.070175 3238.095238 3248.120301 3258.145363 3268.170426 3278.195489 3288.220551 3298.245614 3308.270677 3318.295739 3328.320802 3338.345865 3348.370927 3358.395990 3368.421053 3378.446115 3388.471178 3398.496241 3408.521303 3418.546366 3428.571429 3438.596491 3448.621554 3458.646617 3468.671679 3478.696742 3488.721805 3498.746867 3508.771930 3518.796992 3528.822055 3538.847118 3548.872180 3558.897243 3568.922306 3578.947368 3588.972431 3598.997494 3609.022556 3619.047619 3629.072682 3639.097744 3649.122807 3659.147870 3669.172932 3679.197995 3689.223058 3699.248120 3709.273183 3719.298246 3729.323308 3739.348371 3749.373434 3759.398496 3769.423559 3779.448622 3789.473684 3799.498747 3809.523810 3819.548872 3829.573935 3839.598997 3849.624060 3859.649123 3869.674185 3879.699248 3889.724311 3899.749373 3909.774436 3919.799499 3929.824561 3939.849624 3949.874687 3959.899749 3969.924812 3979.949875 3989.974937 4000.000000 ];
