t = [0.000000 0.100000 0.200000 0.300000 0.400000 0.500000 0.600000 0.700000 0.800000 0.900000 1.000000 1.100000 1.200000 1.300000 1.400000 1.500000 1.600000 1.700000 1.800000 1.900000 2.000000 2.100000 2.200000 2.300000 2.400000 2.500000 2.600000 2.700000 2.800000 2.900000 3.000000 3.100000 3.200000 3.300000 3.400000 3.500000 3.600000 3.700000 3.800000 3.900000 4.000000 4.100000 4.200000 4.300000 4.400000 4.500000 4.600000 4.700000 4.800000 4.900000 5.000000 5.100000 5.200000 5.300000 5.400000 5.500000 5.600000 5.700000 5.800000 5.900000 6.000000 6.100000 6.200000 6.300000 6.400000 6.500000 6.600000 6.700000 6.800000 6.900000 7.000000 7.100000 7.200000 7.300000 7.400000 7.500000 7.600000 7.700000 7.800000 7.900000 8.000000 8.100000 8.200000 8.300000 8.400000 8.500000 8.600000 8.700000 8.800000 8.900000 9.000000 9.100000 9.200000 9.300000 9.400000 9.500000 9.600000 9.700000 9.800000 9.900000 10.000000 10.100000 10.200000 10.300000 10.400000 10.500000 10.600000 10.700000 10.800000 10.900000 11.000000 11.100000 11.200000 11.300000 11.400000 11.500000 11.600000 11.700000 11.800000 11.900000 12.000000 12.100000 12.200000 12.300000 12.400000 12.500000 12.600000 12.700000 12.800000 12.900000 13.000000 13.100000 13.200000 13.300000 13.400000 13.500000 13.600000 13.700000 13.800000 13.900000 14.000000 14.100000 14.200000 14.300000 14.400000 14.500000 14.600000 14.700000 14.800000 14.900000 15.000000 15.100000 15.200000 15.300000 15.400000 15.500000 15.600000 15.700000 15.800000 15.900000 16.000000 16.100000 16.200000 16.300000 16.400000 16.500000 16.600000 16.700000 16.800000 16.900000 17.000000 17.100000 17.200000 17.300000 17.400000 17.500000 17.600000 17.700000 17.800000 17.900000 18.000000 18.100000 18.200000 18.300000 18.400000 18.500000 18.600000 18.700000 18.800000 18.900000 19.000000 19.100000 19.200000 19.300000 19.400000 19.500000 19.600000 19.700000 19.800000 19.900000 20.000000 20.100000 20.200000 20.300000 20.400000 20.500000 20.600000 20.700000 20.800000 20.900000 21.000000 21.100000 21.200000 21.300000 21.400000 21.500000 21.600000 21.700000 21.800000 21.900000 22.000000 22.100000 22.200000 22.300000 22.400000 22.500000 22.600000 22.700000 22.800000 22.900000 23.000000 23.100000 23.200000 23.300000 23.400000 23.500000 23.600000 23.700000 23.800000 23.900000 24.000000 24.100000 24.200000 24.300000 24.400000 24.500000 24.600000 24.700000 24.800000 24.900000 25.000000 25.100000 25.200000 25.300000 25.400000 25.500000 25.600000 25.700000 25.800000 25.900000 26.000000 26.100000 26.200000 26.300000 26.400000 26.500000 26.600000 26.700000 26.800000 26.900000 27.000000 27.100000 27.200000 27.300000 27.400000 27.500000 27.600000 27.700000 27.800000 27.900000 28.000000 28.100000 28.200000 28.300000 28.400000 28.500000 28.600000 28.700000 28.800000 28.900000 29.000000 29.100000 29.200000 29.300000 29.400000 29.500000 29.600000 29.700000 29.800000 29.900000 30.000000 30.100000 30.200000 30.300000 30.400000 30.500000 30.600000 30.700000 30.800000 30.900000 31.000000 31.100000 31.200000 31.300000 31.400000 31.500000 31.600000 31.700000 31.800000 31.900000 32.000000 32.100000 32.200000 32.300000 32.400000 32.500000 32.600000 32.700000 32.800000 32.900000 33.000000 33.100000 33.200000 33.300000 33.400000 33.500000 33.600000 33.700000 33.800000 33.900000 34.000000 34.100000 34.200000 34.300000 34.400000 34.500000 34.600000 34.700000 34.800000 34.900000 35.000000 35.100000 35.200000 35.300000 35.400000 35.500000 35.600000 35.700000 35.800000 35.900000 36.000000 36.100000 36.200000 36.300000 36.400000 36.500000 36.600000 36.700000 36.800000 36.900000 37.000000 37.100000 37.200000 37.300000 37.400000 37.500000 37.600000 37.700000 37.800000 37.900000 38.000000 38.100000 38.200000 38.300000 38.400000 38.500000 38.600000 38.700000 38.800000 38.900000 39.000000 39.100000 39.200000 39.300000 39.400000 39.500000 39.600000 39.700000 39.800000 39.900000 ];
x = [2.000000 1.807044 1.301133 0.673272 0.159567 -0.048943 0.120758 0.595807 1.185320 1.653342 1.809017 1.579534 1.037992 0.375537 -0.171588 -0.412214 -0.273194 0.172729 0.734788 1.177137 1.309018 1.057715 0.496411 -0.183671 -0.746218 -0.999999 -0.871814 -0.434362 0.121623 0.560320 0.690985 0.440904 -0.116745 -0.790752 -1.344832 -1.587784 -1.446451 -0.993581 -0.419969 0.038493 0.190984 -0.035297 -0.567267 -1.213821 -1.738779 -1.951056 -1.777614 -1.291328 -0.683122 -0.189025 -0.000000 -0.188994 -0.683072 -1.291278 -1.777584 -1.951057 -1.738812 -1.213874 -0.567320 -0.035331 0.190981 0.038521 -0.419923 -0.993535 -1.446424 -1.587788 -1.344867 -0.790808 -0.116800 0.440868 0.690979 0.560346 0.121668 -0.434317 -0.871788 -1.000004 -0.746254 -0.183727 0.496355 1.057678 1.309013 1.177163 0.734834 0.172775 -0.273168 -0.412218 -0.171623 0.375483 1.037938 1.579499 1.809014 1.653371 1.185368 0.595855 0.120787 -0.048945 0.159535 0.673220 1.301082 1.807013 2.000000 1.807076 1.301184 0.673323 0.159600 -0.048942 0.120728 0.595758 1.185272 1.653314 1.809020 1.579569 1.038046 0.375592 -0.171553 -0.412210 -0.273221 0.172683 0.734742 1.177110 1.309023 1.057751 0.496466 -0.183615 -0.746181 -0.999993 -0.871840 -0.434408 0.121578 0.560293 0.690990 0.440940 -0.116689 -0.790697 -1.344796 -1.587779 -1.446478 -0.993628 -0.420016 0.038465 0.190987 -0.035263 -0.567214 -1.213769 -1.738746 -1.951054 -1.777644 -1.291377 -0.683171 -0.189056 -0.000000 -0.188963 -0.683022 -1.291229 -1.777554 -1.951059 -1.738845 -1.213927 -0.567373 -0.035365 0.190978 0.038549 -0.419876 -0.993488 -1.446397 -1.587792 -1.344903 -0.790863 -0.116855 0.440831 0.690974 0.560372 0.121714 -0.434272 -0.871762 -1.000009 -0.746291 -0.183782 0.496299 1.057642 1.309008 1.177189 0.734879 0.172821 -0.273141 -0.412223 -0.171659 0.375428 1.037884 1.579465 1.809011 1.653399 1.185416 0.595903 0.120816 -0.048947 0.159502 0.673169 1.301030 1.806981 2.000000 1.807107 1.301235 0.673375 0.159633 -0.048940 0.120699 0.595710 1.185224 1.653286 1.809024 1.579603 1.038100 0.375646 -0.171517 -0.412206 -0.273248 0.172637 0.734697 1.177084 1.309028 1.057787 0.496522 -0.183559 -0.746145 -0.999988 -0.871866 -0.434453 0.121532 0.560267 0.690995 0.440976 -0.116634 -0.790642 -1.344760 -1.587775 -1.446505 -0.993675 -0.420063 0.038437 0.190990 -0.035229 -0.567161 -1.213716 -1.738713 -1.951052 -1.777674 -1.291426 -0.683221 -0.189087 -0.000000 -0.188932 -0.682972 -1.291179 -1.777524 -1.951061 -1.738878 -1.213980 -0.567427 -0.035399 0.190975 0.038576 -0.419829 -0.993442 -1.446369 -1.587797 -1.344939 -0.790918 -0.116910 0.440795 0.690969 0.560398 0.121759 -0.434227 -0.871737 -1.000015 -0.746327 -0.183838 0.496243 1.057605 1.309003 1.177215 0.734925 0.172866 -0.273114 -0.412227 -0.171694 0.375374 1.037830 1.579430 1.809008 1.653427 1.185464 0.595951 0.120845 -0.048948 0.159470 0.673117 1.300979 1.806949 2.000000 1.807139 1.301286 0.673426 0.159665 -0.048938 0.120670 0.595662 1.185176 1.653257 1.809027 1.579638 1.038154 0.375700 -0.171482 -0.412201 -0.273275 0.172591 0.734651 1.177058 1.309033 1.057824 0.496578 -0.183504 -0.746108 -0.999983 -0.871892 -0.434498 0.121487 0.560241 0.691000 0.441012 -0.116579 -0.790587 -1.344725 -1.587771 -1.446532 -0.993721 -0.420110 0.038409 0.190994 -0.035195 -0.567108 -1.213663 -1.738679 -1.951051 -1.777704 -1.291476 -0.683271 -0.189117 -0.000000 -0.188901 -0.682922 -1.291130 -1.777494 -1.951062 -1.738911 -1.214032 -0.567480 -0.035433 0.190972 0.038604 -0.419782 -0.993395 -1.446342 -1.587801 -1.344974 -0.790973 -0.116966 0.440759 0.690964 0.560424 0.121804 -0.434182 -0.871711 -1.000020 -0.746364 -0.183894 0.496188 1.057569 1.308998 1.177242 0.734971 0.172912 -0.273088 -0.412231 -0.171729 0.375320 1.037776 1.579396 1.809005 1.653456 1.185512 0.596000 0.120875 -0.048950 0.159437 0.673066 1.300928 1.806918 ];
